2.485261681670107303e-01
2.651381881389663908e-01
2.828408959678611612e-01
1.864008971275991355e-01
1.289689045579466564e-01
1.626779753185867150e-01
1.292010354799826843e-01
1.765717008780764152e-01
1.338636730472805847e-01
1.400839607881760041e-01
1.323731123453840419e-01
1.595205009639491522e-01
1.768818527019818398e-01
1.620001625448798388e-01
2.514745641133149245e-01
1.719012247829185547e-01
2.712420348028484196e-01
1.917446701349433957e-01
1.824382398529935112e-01
2.981015313361567443e-01
1.752872240526316683e-01
1.642916731856366164e-01
1.750629880581016651e-01
1.529445706883908740e-01
1.822176536440403838e-01
2.150437992504920792e-01
1.932059741167333755e-01
1.687572779348470997e-01
1.297918958851946303e-01
2.042033898796469238e-01
2.542305659771749715e-01
1.866940676568384361e-01
2.028263649167504068e-01
1.900506151520549858e-01
2.251056071746744824e-01
1.298742495390889928e-01
2.120970665840007929e-01
2.017132840857361886e-01
1.884394991186894019e-01
2.146955664616249926e-01
1.983466424682817086e-01
1.142067437284203235e-01
1.559969583431332629e-01
2.515565158236489629e-01
1.847100702931794292e-01
2.570707380378901563e-01
2.057139394018106249e-01
2.361071416584645533e-01
1.251582659288376920e-01
2.377784015451976374e-01
1.901426923333446595e-01
2.188221884414124074e-01
1.804151463321939375e-01
1.620257620020561784e-01
1.853804613721309613e-01
1.306287692008649415e-01
2.684991334175346189e-01
1.910775191020823438e-01
2.534645829952251184e-01
2.000614069052407684e-01
2.713989042755896031e-01
1.393775146473691107e-01
1.013336598208287309e-01
2.282966653942849200e-01
2.112452548493701787e-01
1.728782822951542564e-01
2.184330605823429083e-01
1.672014653124537509e-01
1.619364650879434875e-01
2.073133278372794042e-01
1.614315426519292440e-01
2.254562193092981282e-01
2.043735655165074827e-01
1.582656398777402829e-01
1.782787600877576428e-01
1.449660517899432344e-01
1.529907391517111026e-01
2.109354848512927649e-01
2.271973375856058130e-01
2.331303918587044888e-01
2.349422283749804941e-01
1.544298914912974330e-01
1.198141562026208418e-01
1.584904115830101101e-01
1.857035298697314873e-01
1.558544417597786391e-01
1.568208191543200292e-01
1.935056812592624853e-01
2.528288611580171708e-01
1.396816097821619862e-01
2.263786148052332470e-01
2.494823179506825417e-01
1.985162449321598577e-01
1.507185017097898705e-01
1.613252475358477045e-01
1.412869038445059289e-01
1.689554009592297290e-01
2.274738655430220136e-01
2.067416404954148246e-01
1.531406676501052555e-01
1.739534222942622221e-01
2.004262258655803985e-01
2.137647517930455487e-01
2.194597999058595372e-01
2.129918934788415374e-01
1.948840573409920396e-01
1.945674040878364874e-01
1.397447815652938519e-01
1.326287532690158533e-01
1.584015089607951343e-01
1.775862096513459720e-01
2.187291524627593131e-01
1.875432299131273850e-01
2.351296249823236761e-01
1.601137761786085578e-01
1.626871708011737583e-01
2.400391801133640868e-01
1.968918157824744997e-01
2.298474821390412148e-01
